<?xml version="1.0"?>
<opencv_storage>
<calibration_Time>"10/26/16 19:38:50"</calibration_Time>
<nrOfFrames>1</nrOfFrames>
<image_Width>4032</image_Width>
<image_Height>3024</image_Height>
<board_Width>9</board_Width>
<board_Height>6</board_Height>
<square_Size>50.</square_Size>
<FixAspectRatio>1.</FixAspectRatio>
<!-- flags:  +fix_aspectRatio +fix_principal_point +zero_tangent_dist -->
<flagValue>14</flagValue>
<Camera_Matrix type_id="opencv-matrix">
  <rows>3</rows>
  <cols>3</cols>
  <dt>d</dt>
  <data>
    4.2091361244746504e+003 0. 2.0155000000000000e+003 0.
    4.2091361244746504e+003 1.5115000000000000e+003 0. 0. 1.</data></Camera_Matrix>
<Distortion_Coefficients type_id="opencv-matrix">
  <rows>5</rows>
  <cols>1</cols>
  <dt>d</dt>
  <data>
    5.0838508463078258e-001 -5.4376169118716886e+000 0. 0.
    1.7998095804432797e+001</data></Distortion_Coefficients>
<Avg_Reprojection_Error>1.0536168139264157e+000</Avg_Reprojection_Error>
<Per_View_Reprojection_Errors type_id="opencv-matrix">
  <rows>1</rows>
  <cols>1</cols>
  <dt>f</dt>
  <data>
    1.05361676e+000</data></Per_View_Reprojection_Errors>
<!-- a set of 6-tuples (rotation vector + translation vector) for each view -->
<Extrinsic_Parameters type_id="opencv-matrix">
  <rows>1</rows>
  <cols>6</cols>
  <dt>d</dt>
  <data>
    -9.8591823320839059e-002 7.7481754640878642e-002
    3.1374520839874696e+000 2.1640456753420526e+002
    1.3265910160601459e+002 7.3629970160440951e+002</data></Extrinsic_Parameters>
<Image_points type_id="opencv-matrix">
  <rows>1</rows>
  <cols>54</cols>
  <dt>"2f"</dt>
  <data>
    3.27033325e+003 2.27926147e+003 2.98606055e+003 2.28396411e+003
    2.69768188e+003 2.28779346e+003 2.40615015e+003 2.28975220e+003
    2.11388330e+003 2.29244678e+003 1.81973364e+003 2.29632593e+003
    1.52149036e+003 2.29994434e+003 1.22047339e+003 2.30412695e+003
    9.18923706e+002 2.30672168e+003 3.26603418e+003 1.99029980e+003
    2.98098999e+003 1.99275830e+003 2.69252563e+003 1.99419128e+003
    2.40246021e+003 1.99448169e+003 2.11217773e+003 1.99579846e+003
    1.82056250e+003 1.99778955e+003 1.52434229e+003 2.00130884e+003
    1.22350818e+003 2.00510718e+003 9.21025024e+002 2.00823401e+003
    3.26193481e+003 1.69977710e+003 2.97673877e+003 1.70105847e+003
    2.68818555e+003 1.70131128e+003 2.39872046e+003 1.70117883e+003
    2.11049731e+003 1.70139807e+003 1.82138574e+003 1.70263940e+003
    1.52705920e+003 1.70413818e+003 1.22677917e+003 1.70604712e+003
    9.22927612e+002 1.70740381e+003 3.25550537e+003 1.41149597e+003
    2.97239063e+003 1.41160559e+003 2.68476270e+003 1.41185974e+003
    2.39627393e+003 1.41209717e+003 2.10954980e+003 1.41219714e+003
    1.82145874e+003 1.41204211e+003 1.52850586e+003 1.41097766e+003
    1.22810876e+003 1.40987598e+003 9.24022095e+002 1.40863757e+003
    3.25006787e+003 1.12702942e+003 2.96741138e+003 1.12642847e+003
    2.68197095e+003 1.12588513e+003 2.39509180e+003 1.12598669e+003
    2.10871729e+003 1.12551184e+003 1.82098975e+003 1.12386499e+003
    1.52798450e+003 1.12015454e+003 1.22831653e+003 1.11604321e+003
    9.26479858e+002 1.11270044e+003 3.24543921e+003 8.42809937e+002
    2.96496191e+003 8.40210388e+002 2.68093335e+003 8.38861633e+002
    2.39489209e+003 8.37471436e+002 2.10828516e+003 8.36385437e+002
    1.82021387e+003 8.32744080e+002 1.52723792e+003 8.27980164e+002
    1.23037280e+003 8.23265442e+002 9.33062683e+002 8.20525635e+002</data></Image_points>
</opencv_storage>
